718727061,7187270611,
72647331,7264733104,7264733101,
76420260,7642026001,
76420262,7642026201,
76420520,7642052001,
76420750,7642075001,
76420755,7642075501,
76420775,7642077501,
76420795,7642079501,
5910790,591079021,591079001,
6034593,603459321,603459315,
7030031,703003104,703003101,
7030043,703004301,
7030045,703004501,
7030051,703005101,703005104,
7030063,703006301,
7815022,781502201,781502207,781502210,
9046914,904691461,
500904463,5009044630,
500904464,5009044640,
500904758,5009047580,
93475,9347503,9347501,
93475,9347522,9347523,
49836010,4983601020,
49836011,4983601117,
49836012,4983601219,
49836013,4983601321,
49836014,4983601418,
49836015,4983601520,
500900312,5009003121,
500900221,5009002210,
500900271,5009002710,5009002711,
49999153,4999915321,
500900092,5009000920,
500900556,5009005560,
500901823,5009018230,
500902098,5009020980,
500902638,5009026380,
500903094,5009030940,
500903811,5009038110,
25021807,2502180705,
25021808,2502180810,
25021810,2502181030,
33261335,3326133521,
42806400,4280640021,4280640001,
90003,9000302,
90022,9002201,
90018,9001820,
90020,9002001,
90039,9003906,
90039,9003928,9003932,
90047,9004726,9004722,
90047,9004704,
90056,9005602,9005604,
1439850,143985001,
1439851,143985101,
90073,9007301,
90176,9017601,
90274,9027401,
90280,9028025,9028024,
90280,9028052,9028051,9028003,9028002,
45865417,4586541721,
90306,9030602,9030612,
90306,9030624,
90698,9069802,
90698,9069801,
90758,9075801,
90796,9079601,
93073,9307323,9307322,
93073,9307303,9307301,
60760373,6076037321,
504364037,5043640371,
50742189,5074218901,5074218921,
52584047,5258404725,
52584039,5258403930,
530023120,5300231201,
53217132,5321713201,
55150262,5515026203,
55150263,5515026303,
55150264,5515026420,
55150265,5515026550,
551543944,5515439445,
551543939,5515439395,
551543940,5515439405,
551543941,5515439418,5515439415,
55289649,5528964930,
57582101,5758210102,5758210101,
597624440,5976244403,5976244402,
59746015,5974601504,
59746001,5974600103,5974600106,
59746002,5974600206,5974600204,
59746003,5974600314,
597620049,5976200491,
597620050,5976200501,
597620051,5976200511,
687884593,6878845932,
687887343,6878873432,
63187160,6318716021,
63187474,6318747401,
63187802,6318780221,
63323255,6332325503,
63323258,6332325803,
63323265,6332326530,
63739133,6373913310,
66267961,6626796121,
68001005,6800100501,
680711792,6807117922,
680714028,6807140281,
680714262,6807142621,
68084149,6808414901,
68382916,6838291605,6838291601,6838291634,
68382917,6838291701,6838291711,6838291705,6838291777,
68382918,6838291877,6838291801,6838291818,6838291805,
68382919,6838291911,6838291905,6838291901,6838291977,
701211000,7012110005,
701211001,7012110015,
701211573,7012115735,7012115731,
701211574,7012115745,7012115741,
705180516,7051805160,
705181088,7051810880,
705181424,7051814240,
705181541,7051815410,
705182041,7051820410,
705182023,7051820231,
705182148,7051821480,
705182459,7051824590,
70625237,7062523701,7062523711,
707711348,7077113483,7077113481,7077113485,
707711349,7077113495,7077113494,7077113498,7077113491,
707711350,7077113507,7077113501,7077113505,7077113504,
707711351,7077113518,7077113511,7077113514,7077113515,
71205054,7120505421,
